4675
2932
3550
1519
4968
2558
2722
4374
2388
495
1801
1118
3093
975
1452
3291
3234
2482
308
4725
548
305
728
3955
2028
2081
3783
1500
682
2231
530
1833
1211
4778
2521
3347
4416
2345
2162
2843
4695
349
1257
154
2533
1504
238
2489
1244
909
1388
2439
2595
3200
1135
3644
4180
1933
4566
3973
4552
2804
831
304
2232
4048
4609
4785
2154
1241
1995
1084
3066
379
3317
2652
3752
3571
4409
1829
3492
4193
44
2633
1919
2772
3757
4424
3724
2539
1169
1092
1464
1066
915
3716
3780
2774
928
3756
2862
2964
249
2156
3254
4187
2977
4941
3298
4722
2816
3308
2465
4975
1824
4696
4948
1573
1227
1791
2554
3739
4031
777
666
4559
4967
1856
743
3315
2550
3882
4149
2766
2327
4082
3375
4136
866
2204
2178
97
3891
2340
234
2424
1509
2916
3383
1359
1028
3534
955
2037
2567
1248
3271
4938
3718
4420
1089
2067
2704
964
3914
634
3543
2098
2415
2333
313
2892
2803
2499
1237
464
765
4057
2252
3630
1024
1046
971
1039
3595
1716
937
4115
1358
1390
4073
485
2474
1005
1029
103
4748
1043
435
2986
748
1754
4098
3349
2041
346
1817
1133
4055
99
3024
947
3133
3733
4937
879
3325
715
3795
1663
3312
4859
1644
3872
984
4177
2378
2894
127
1254
4783
2033
3523
2737
135
996
4565
1091
4095
1679
490
3613
4339
1613
2260
2700
395
3713
2694
1664
2763
3528
4740
2714
2696
3701
417
739
2354
1475
3008
2050
4419
419
1820
2355
104
3747
2309
3497
2009
4997
4244
658
3766
2776
3525
1096
4384
3416
3568
372
2160
2850
4773
3688
2561
2753
459
1709
43
2263
3148
2790
3546
1948
4922
4779
2019
1559
2775
2491
1563
4460
436
1828
2014
1929
4332
4123
2921
3969
2640
4479
970
4338
2210
1830
1765
3201
2341
1223
3269
2529
3424
3000
2582
746
906
3082
1650
2699
2138
4106
111
4735
861
1648
3556
3768
4819
3858
2161
2366
2445
2298
716
2973
4218
3616
2552
4924
2709
2718
1847
400
3140
2475
972
2881
416
605
4555
2202
604
2553
1614
3439
699
3917
2767
229
3457
3378
3626
4117
4490
4196
239
176
1886
2315
1342
2614
2537
3292
478
4060
4380
953
1892
1145
4927
1495
4923
4165
889
4051
4621
4475
2729
4898
393
776
341
4309
4145
2736
735
3474
2663
649
821
2878
1867
2854
1493
1398
4644
994
2681
4100
2519
4042
2721
3177
1915
4550
3114
815
4326
4508
9
2920
472
4362
1848
3843
3583
1240
3511
1164
3992
1714
2940
408
1700
4920
2353
2898
2589
4795
602
4746
3569
1222
2052
2416
1706
4947
1579
992
517
4918
1483
62
4839
4289
523
4017
1038
3125
12
2929
1431
183
3444
2184
4367
200
3278
4589
3832
1107
2983
2401
2602
88
2524
779
1251
3479
3320
3227
1999
3547
726
2669
180
2136
132
988
901
1088
1673
4899
3675
2670
4936
4701
2364
4747
1744
3707
3096
4653
4113
1675
14
3195
1054
138
4893
4659
1757
844
759
4366
4229
2594
3255
59
2665
3468
3103
3542
4239
3814
4646
2577
2893
2497
4820
3364
2642
546
3156
2233
54
1698
1966
145
1535
256
4197
2000
3253
4665
3025
157
2223
3943
1424
752
236
4961
4816
3609
3237
1217
4021
1141
4434
4276
568
3635
3865
2265
289
53
579
4498
371
3446
938
2624
2770
3751
4213
705
4624
4556
3893
390
1906
1518
3043
4455
302
4586
247
1967
2153
1072
2320
3434
1873
4855
2507
266
479
2428
3079
612
2034
2262
4090
2574
4417
1331
4026
2463
4292
2713
1417
2318
2647
2501
890
1070
4541
4068
1591
4446
1730
2852
1332
290
2045
4494
3084
1104
1461
3229
4103
2434
3776
277
4762
471
3214
1790
40
3758
1863
4140
1090
23
3803
4108
2438
1327
1954
877
575
1216
3333
615
756
1224
2623
4717
1076
215
3527
969
4433
4739
4394
414
2150
1838
325
4587
4539
4655
1377
1953
2011
4856
4431
2243
2667
544
949
3016
3174
4536
1120
1131
440
3704
3113
4620
4465
4102
1775
4344
1420
4006
2510
3286
2933
2798
2818
3974
4287
1487
3072
668
919
3906
3353
3379
4459
1386
4504
2268
908
4456
1357
283
382
3034
2338
4853
3277
3394
4240
4363
2111
1239
513
2054
766
3765
3829
389
3406
72
3206
2105
2303
2459
3049
2092
460
1565
1333
1262
3580
3188
3480
2781
3946
4917
3540
1221
1837
900
3748
2135
481
279
664
2123
1115
4253
2449
4224
4801
2912
3396
3369
2021
2172
4954
4018
2846
4800
1951
1562
4249
4449
237
1157
4247
3141
4829
1568
3774
2671
2962
4910
4781
3578
4185
4252
4233
1079
3661
1437
597
3897
4584
3813
350
4929
1897
2503
957
3738
3615
4138
2089
4532
3874
1351
4160
1633
4428
425
3203
3705
2907
3762
1865
4836
1303
2563
4396
4535
2430
881
3988
1020
4525
1442
391
4900
4425
2245
1750
1913
4643
337
179
4736
50
1365
3519
3695
2786
4912
3040
4069
4404
1034
2684
1671
3152
1138
3451
164
4837
3087
2941
2830
797
734
1095
2471
1786
4732
2512
3518
1073
1195
3193
2250
1952
2110
2129
792
4863
4986
921
4076
1199
4291
2200
2251
1541
3454
2631
4788
702
3395
2073
4840
195
724
1877
4467
1994
952
2352
3793
1611
3727
2708
3993
41
4705
33
1286
100
1937
1433
2132
1931
2297
3161
3051
2128
2324
2066
3401
4000
4787
3242
2905
3337
4768
819
4318
3171
4631
3104
422
2
820
1646
4930
4637
3640
3050
4957
1513
3694
2444
4041
4969
1265
3808
3363
3456
2954
1506
4022
1049
2344
3618
547
564
1086
4207
3557
4388
360
1441
4200
4477
1356
2919
3606
1392
3032
767
2201
3669
61
4343
2367
516
3692
2750
487
4814
2437
